0 0
0.00833333 0.052336
0.0166667 0.104528
0.025 0.156434
0.0333333 0.207912
0.0416667 0.258819
0.05 0.309017
0.0583333 0.358368
0.0666667 0.406737
0.075 0.45399
0.0833333 0.5
0.0916667 0.544639
0.1 0.587785
0.108333 0.62932
0.116667 0.669131
0.125 0.707107
0.133333 0.743145
0.141667 0.777146
0.15 0.809017
0.158333 0.838671
0.166667 0.866025
0.175 0.891007
0.183333 0.913545
0.191667 0.93358
0.2 0.951057
0.208333 0.965926
0.216667 0.978148
0.225 0.987688
0.233333 0.994522
0.241667 0.99863
0.25 1
0.258333 0.99863
0.266667 0.994522
0.275 0.987688
0.283333 0.978148
0.291667 0.965926
0.3 0.951057
0.308333 0.93358
0.316667 0.913545
0.325 0.891007
0.333333 0.866025
0.341667 0.838671
0.35 0.809017
0.358333 0.777146
0.366667 0.743145
0.375 0.707107
0.383333 0.669131
0.391667 0.62932
0.4 0.587785
0.408333 0.544639
0.416667 0.5
0.425 0.45399
0.433333 0.406737
0.441667 0.358368
0.45 0.309017
0.458333 0.258819
0.466667 0.207912
0.475 0.156434
0.483333 0.104528
0.491667 0.052336
0.5 5.66554e-16
0.508333 -0.052336
0.516667 -0.104528
0.525 -0.156434
0.533333 -0.207912
0.541667 -0.258819
0.55 -0.309017
0.558333 -0.358368
0.566667 -0.406737
0.575 -0.45399
0.583333 -0.5
0.591667 -0.544639
0.6 -0.587785
0.608333 -0.62932
0.616667 -0.669131
0.625 -0.707107
0.633333 -0.743145
0.641667 -0.777146
0.65 -0.809017
0.658333 -0.838671
0.666667 -0.866025
0.675 -0.891007
0.683333 -0.913545
0.691667 -0.93358
0.7 -0.951057
0.708333 -0.965926
0.716667 -0.978148
0.725 -0.987688
0.733333 -0.994522
0.741667 -0.99863
0.75 -1
0.758333 -0.99863
0.766667 -0.994522
0.775 -0.987688
0.783333 -0.978148
0.791667 -0.965926
0.8 -0.951057
0.808333 -0.93358
0.816667 -0.913545
0.825 -0.891007
0.833333 -0.866025
0.841667 -0.838671
0.85 -0.809017
0.858333 -0.777146
0.866667 -0.743145
0.875 -0.707107
0.883333 -0.669131
0.891667 -0.62932
0.9 -0.587785
0.908333 -0.544639
0.916667 -0.5
0.925 -0.45399
0.933333 -0.406737
0.941667 -0.358368
0.95 -0.309017
0.958333 -0.258819
0.966667 -0.207912
0.975 -0.156434
0.983333 -0.104528
0.991667 -0.052336