0 -0.125105
0.0166667 -0.0207129
0.0333333 0.0839066
0.05 0.187607
0.0666667 0.289252
0.0833333 0.387727
0.1 0.481955
0.116667 0.570902
0.133333 0.653594
0.15 0.729126
0.166667 0.796669
0.183333 0.855483
0.2 0.904925
0.216667 0.944452
0.233333 0.973631
0.25 0.992143
0.266667 0.999785
0.283333 0.996474
0.3 0.982244
0.316667 0.957253
0.333333 0.921774
0.35 0.876196
0.366667 0.821018
0.383333 0.756845
0.4 0.68438
0.416667 0.604416
0.433333 0.517831
0.45 0.425572
0.466667 0.32865
0.483333 0.228127
0.5 0.125105
0.516667 0.0207129
0.533333 -0.0839066
0.55 -0.187607
0.566667 -0.289252
0.583333 -0.387727
0.6 -0.481955
0.616667 -0.570902
0.633333 -0.653594
0.65 -0.729126
0.666667 -0.796669
0.683333 -0.855483
0.7 -0.904925
0.716667 -0.944452
0.733333 -0.973631
0.75 -0.992143
0.766667 -0.999785
0.783333 -0.996474
0.8 -0.982244
0.816667 -0.957253
0.833333 -0.921774
0.85 -0.876196
0.866667 -0.821018
0.883333 -0.756845
0.9 -0.68438
0.916667 -0.604416
0.933333 -0.517831
0.95 -0.425572
0.966667 -0.32865
0.983333 -0.228127