0 -0.0157001
0.00833333 0.0366509
0.0166667 0.0889014
0.025 0.140908
0.0333333 0.192529
0.0416667 0.243622
0.05 0.294047
0.0583333 0.343666
0.0666667 0.392344
0.075 0.439946
0.0833333 0.486342
0.0916667 0.531405
0.1 0.575011
0.108333 0.617042
0.116667 0.657381
0.125 0.695918
0.133333 0.732548
0.141667 0.76717
0.15 0.799689
0.158333 0.830016
0.166667 0.858069
0.175 0.883769
0.183333 0.907047
0.191667 0.927839
0.2 0.946088
0.208333 0.961743
0.216667 0.974763
0.225 0.985111
0.233333 0.992758
0.241667 0.997685
0.25 0.999877
0.258333 0.999328
0.266667 0.99604
0.275 0.990023
0.283333 0.981291
0.291667 0.96987
0.3 0.955791
0.308333 0.939092
0.316667 0.919819
0.325 0.898024
0.333333 0.873769
0.341667 0.847118
0.35 0.818146
0.358333 0.786931
0.366667 0.753559
0.375 0.718121
0.383333 0.680716
0.391667 0.641444
0.4 0.600414
0.408333 0.557739
0.416667 0.513535
0.425 0.467923
0.433333 0.421029
0.441667 0.372981
0.45 0.323911
0.458333 0.273952
0.466667 0.223243
0.475 0.171922
0.483333 0.12013
0.491667 0.0680081
0.5 0.0157001
0.508333 -0.0366509
0.516667 -0.0889014
0.525 -0.140908
0.533333 -0.192529
0.541667 -0.243622
0.55 -0.294047
0.558333 -0.343666
0.566667 -0.392344
0.575 -0.439946
0.583333 -0.486342
0.591667 -0.531405
0.6 -0.575011
0.608333 -0.617042
0.616667 -0.657381
0.625 -0.695918
0.633333 -0.732548
0.641667 -0.76717
0.65 -0.799689
0.658333 -0.830016
0.666667 -0.858069
0.675 -0.883769
0.683333 -0.907047
0.691667 -0.927839
0.7 -0.946088
0.708333 -0.961743
0.716667 -0.974763
0.725 -0.985111
0.733333 -0.992758
0.741667 -0.997685
0.75 -0.999877
0.758333 -0.999328
0.766667 -0.99604
0.775 -0.990023
0.783333 -0.981291
0.791667 -0.96987
0.8 -0.955791
0.808333 -0.939092
0.816667 -0.919819
0.825 -0.898024
0.833333 -0.873769
0.841667 -0.847118
0.85 -0.818146
0.858333 -0.786931
0.866667 -0.753559
0.875 -0.718121
0.883333 -0.680716
0.891667 -0.641444
0.9 -0.600414
0.908333 -0.557739
0.916667 -0.513535
0.925 -0.467923
0.933333 -0.421029
0.941667 -0.372981
0.95 -0.323911
0.958333 -0.273952
0.966667 -0.223243
0.975 -0.171922
0.983333 -0.12013
0.991667 -0.0680081