0 -0.062676
0.0166667 0.0419903
0.0333333 0.146197
0.05 0.248801
0.0666667 0.34868
0.0833333 0.444738
0.1 0.535924
0.116667 0.621238
0.133333 0.699745
0.15 0.770586
0.166667 0.832985
0.183333 0.886257
0.2 0.929819
0.216667 0.963193
0.233333 0.986015
0.25 0.998034
0.266667 0.999118
0.283333 0.989256
0.3 0.968555
0.316667 0.937242
0.333333 0.895661
0.35 0.844266
0.366667 0.783622
0.383333 0.714392
0.4 0.637336
0.416667 0.553296
0.433333 0.463194
0.45 0.368018
0.466667 0.268809
0.483333 0.166656
0.5 0.062676
0.516667 -0.0419903
0.533333 -0.146197
0.55 -0.248801
0.566667 -0.34868
0.583333 -0.444738
0.6 -0.535924
0.616667 -0.621238
0.633333 -0.699745
0.65 -0.770586
0.666667 -0.832985
0.683333 -0.886257
0.7 -0.929819
0.716667 -0.963193
0.733333 -0.986015
0.75 -0.998034
0.766667 -0.999118
0.783333 -0.989256
0.8 -0.968555
0.816667 -0.937242
0.833333 -0.895661
0.85 -0.844266
0.866667 -0.783622
0.883333 -0.714392
0.9 -0.637336
0.916667 -0.553296
0.933333 -0.463194
0.95 -0.368018
0.966667 -0.268809
0.983333 -0.166656