0 -0.109684
0.00833333 -0.0575139
0.0166667 -0.00518573
0.025 0.0471566
0.0333333 0.0993697
0.0416667 0.15131
0.05 0.202836
0.0583333 0.253807
0.0666667 0.304081
0.075 0.353522
0.0833333 0.401994
0.0916667 0.449364
0.1 0.495502
0.108333 0.540283
0.116667 0.583582
0.125 0.625282
0.133333 0.665268
0.141667 0.70343
0.15 0.739665
0.158333 0.773872
0.166667 0.805958
0.175 0.835835
0.183333 0.863421
0.191667 0.88864
0.2 0.911424
0.208333 0.931709
0.216667 0.949441
0.225 0.964571
0.233333 0.977056
0.241667 0.986864
0.25 0.993966
0.258333 0.998345
0.266667 0.999987
0.275 0.998888
0.283333 0.995051
0.291667 0.988486
0.3 0.979213
0.308333 0.967255
0.316667 0.952646
0.325 0.935426
0.333333 0.915642
0.341667 0.893349
0.35 0.868607
0.358333 0.841484
0.366667 0.812054
0.375 0.780399
0.383333 0.746605
0.391667 0.710764
0.4 0.672975
0.408333 0.633342
0.416667 0.591973
0.425 0.548981
0.433333 0.504484
0.441667 0.458605
0.45 0.411469
0.458333 0.363204
0.466667 0.313945
0.475 0.263825
0.483333 0.212981
0.491667 0.161554
0.5 0.109684
0.508333 0.0575139
0.516667 0.00518573
0.525 -0.0471566
0.533333 -0.0993697
0.541667 -0.15131
0.55 -0.202836
0.558333 -0.253807
0.566667 -0.304081
0.575 -0.353522
0.583333 -0.401994
0.591667 -0.449364
0.6 -0.495502
0.608333 -0.540283
0.616667 -0.583582
0.625 -0.625282
0.633333 -0.665268
0.641667 -0.70343
0.65 -0.739665
0.658333 -0.773872
0.666667 -0.805958
0.675 -0.835835
0.683333 -0.863421
0.691667 -0.88864
0.7 -0.911424
0.708333 -0.931709
0.716667 -0.949441
0.725 -0.964571
0.733333 -0.977056
0.741667 -0.986864
0.75 -0.993966
0.758333 -0.998345
0.766667 -0.999987
0.775 -0.998888
0.783333 -0.995051
0.791667 -0.988486
0.8 -0.979213
0.808333 -0.967255
0.816667 -0.952646
0.825 -0.935426
0.833333 -0.915642
0.841667 -0.893349
0.85 -0.868607
0.858333 -0.841484
0.866667 -0.812054
0.875 -0.780399
0.883333 -0.746605
0.891667 -0.710764
0.9 -0.672975
0.908333 -0.633342
0.916667 -0.591973
0.925 -0.548981
0.933333 -0.504484
0.941667 -0.458605
0.95 -0.411469
0.958333 -0.363204
0.966667 -0.313945
0.975 -0.263825
0.983333 -0.212981
0.991667 -0.161554