0 -0.0940654
0.00833333 -0.0418326
0.0166667 0.0105148
0.025 0.0628335
0.0333333 0.11498
0.0416667 0.166811
0.05 0.218185
0.0583333 0.268961
0.0666667 0.319
0.075 0.368165
0.0833333 0.41632
0.0916667 0.463334
0.1 0.509078
0.108333 0.553427
0.116667 0.596259
0.125 0.637457
0.133333 0.676908
0.141667 0.714503
0.15 0.75014
0.158333 0.78372
0.166667 0.815153
0.175 0.844351
0.183333 0.871235
0.191667 0.895731
0.2 0.917772
0.208333 0.937297
0.216667 0.954253
0.225 0.968594
0.233333 0.98028
0.241667 0.989279
0.25 0.995566
0.258333 0.999125
0.266667 0.999945
0.275 0.998024
0.283333 0.993368
0.291667 0.985989
0.3 0.975907
0.308333 0.963151
0.316667 0.947755
0.325 0.929761
0.333333 0.909218
0.341667 0.886184
0.35 0.86072
0.358333 0.832897
0.366667 0.802792
0.375 0.770486
0.383333 0.736068
0.391667 0.699633
0.4 0.66128
0.408333 0.621114
0.416667 0.579246
0.425 0.53579
0.433333 0.490866
0.441667 0.444597
0.45 0.397108
0.458333 0.348532
0.466667 0.299
0.475 0.248648
0.483333 0.197615
0.491667 0.14604
0.5 0.0940654
0.508333 0.0418326
0.516667 -0.0105148
0.525 -0.0628335
0.533333 -0.11498
0.541667 -0.166811
0.55 -0.218185
0.558333 -0.268961
0.566667 -0.319
0.575 -0.368165
0.583333 -0.41632
0.591667 -0.463334
0.6 -0.509078
0.608333 -0.553427
0.616667 -0.596259
0.625 -0.637457
0.633333 -0.676908
0.641667 -0.714503
0.65 -0.75014
0.658333 -0.78372
0.666667 -0.815153
0.675 -0.844351
0.683333 -0.871235
0.691667 -0.895731
0.7 -0.917772
0.708333 -0.937297
0.716667 -0.954253
0.725 -0.968594
0.733333 -0.98028
0.741667 -0.989279
0.75 -0.995566
0.758333 -0.999125
0.766667 -0.999945
0.775 -0.998024
0.783333 -0.993368
0.791667 -0.985989
0.8 -0.975907
0.808333 -0.963151
0.816667 -0.947755
0.825 -0.929761
0.833333 -0.909218
0.841667 -0.886184
0.85 -0.86072
0.858333 -0.832897
0.866667 -0.802792
0.875 -0.770486
0.883333 -0.736068
0.891667 -0.699633
0.9 -0.66128
0.908333 -0.621114
0.916667 -0.579246
0.925 -0.53579
0.933333 -0.490866
0.941667 -0.444597
0.95 -0.397108
0.958333 -0.348532
0.966667 -0.299
0.975 -0.248648
0.983333 -0.197615
0.991667 -0.14604