0 -0.0784233
0.00833333 -0.0261411
0.0166667 0.0262128
0.025 0.0784949
0.0333333 0.130562
0.0416667 0.182271
0.05 0.23348
0.0583333 0.28405
0.0666667 0.333841
0.075 0.382717
0.0833333 0.430543
0.0916667 0.47719
0.1 0.522529
0.108333 0.566436
0.116667 0.60879
0.125 0.649475
0.133333 0.688381
0.141667 0.725399
0.15 0.760429
0.158333 0.793375
0.166667 0.824147
0.175 0.852659
0.183333 0.878834
0.191667 0.902601
0.2 0.923893
0.208333 0.942653
0.216667 0.95883
0.225 0.972378
0.233333 0.983261
0.241667 0.99145
0.25 0.99692
0.258333 0.999658
0.266667 0.999656
0.275 0.996915
0.283333 0.99144
0.291667 0.983248
0.3 0.972362
0.308333 0.95881
0.316667 0.94263
0.325 0.923866
0.333333 0.90257
0.341667 0.8788
0.35 0.852621
0.358333 0.824106
0.366667 0.793331
0.375 0.760383
0.383333 0.72535
0.391667 0.688329
0.4 0.649421
0.408333 0.608733
0.416667 0.566377
0.425 0.522468
0.433333 0.477127
0.441667 0.430479
0.45 0.38265
0.458333 0.333773
0.466667 0.283981
0.475 0.23341
0.483333 0.1822
0.491667 0.130491
0.5 0.0784233
0.508333 0.0261411
0.516667 -0.0262128
0.525 -0.0784949
0.533333 -0.130562
0.541667 -0.182271
0.55 -0.23348
0.558333 -0.28405
0.566667 -0.333841
0.575 -0.382717
0.583333 -0.430543
0.591667 -0.47719
0.6 -0.522529
0.608333 -0.566436
0.616667 -0.60879
0.625 -0.649475
0.633333 -0.688381
0.641667 -0.725399
0.65 -0.760429
0.658333 -0.793375
0.666667 -0.824147
0.675 -0.852659
0.683333 -0.878834
0.691667 -0.902601
0.7 -0.923893
0.708333 -0.942653
0.716667 -0.95883
0.725 -0.972378
0.733333 -0.983261
0.741667 -0.99145
0.75 -0.99692
0.758333 -0.999658
0.766667 -0.999656
0.775 -0.996915
0.783333 -0.99144
0.791667 -0.983248
0.8 -0.972362
0.808333 -0.95881
0.816667 -0.94263
0.825 -0.923866
0.833333 -0.90257
0.841667 -0.8788
0.85 -0.852621
0.858333 -0.824106
0.866667 -0.793331
0.875 -0.760383
0.883333 -0.72535
0.891667 -0.688329
0.9 -0.649421
0.908333 -0.608733
0.916667 -0.566377
0.925 -0.522468
0.933333 -0.477127
0.941667 -0.430479
0.95 -0.38265
0.958333 -0.333773
0.966667 -0.283981
0.975 -0.23341
0.983333 -0.1822
0.991667 -0.130491