0 -0.0939369
0.0166667 0.0106439
0.0333333 0.115108
0.05 0.218311
0.0666667 0.319122
0.0833333 0.416437
0.1 0.50919
0.116667 0.596363
0.133333 0.677003
0.15 0.750225
0.166667 0.815228
0.183333 0.871298
0.2 0.917823
0.216667 0.954292
0.233333 0.980305
0.25 0.995578
0.266667 0.999943
0.283333 0.993353
0.3 0.975879
0.316667 0.947713
0.333333 0.909164
0.35 0.860654
0.366667 0.802715
0.383333 0.735981
0.4 0.661183
0.416667 0.579141
0.433333 0.490754
0.45 0.39699
0.466667 0.298877
0.483333 0.197489
0.5 0.0939369
0.516667 -0.0106439
0.533333 -0.115108
0.55 -0.218311
0.566667 -0.319122
0.583333 -0.416437
0.6 -0.50919
0.616667 -0.596363
0.633333 -0.677003
0.65 -0.750225
0.666667 -0.815228
0.683333 -0.871298
0.7 -0.917823
0.716667 -0.954292
0.733333 -0.980305
0.75 -0.995578
0.766667 -0.999943
0.783333 -0.993353
0.8 -0.975879
0.816667 -0.947713
0.833333 -0.909164
0.85 -0.860654
0.866667 -0.802715
0.883333 -0.735981
0.9 -0.661183
0.916667 -0.579141
0.933333 -0.490754
0.95 -0.39699
0.966667 -0.298877
0.983333 -0.197489