0 -0.248245
0.0166667 -0.145629
0.0333333 -0.0414169
0.05 0.0632487
0.0666667 0.167221
0.0833333 0.269362
0.1 0.368551
0.116667 0.463703
0.133333 0.553774
0.15 0.637778
0.166667 0.714794
0.183333 0.783979
0.2 0.844574
0.216667 0.895916
0.233333 0.937442
0.25 0.968697
0.266667 0.989339
0.283333 0.999142
0.3 0.997998
0.316667 0.985919
0.333333 0.963039
0.35 0.929607
0.366667 0.885991
0.383333 0.832667
0.4 0.770221
0.416667 0.699335
0.433333 0.620788
0.45 0.535439
0.466667 0.444224
0.483333 0.348142
0.5 0.248245
0.516667 0.145629
0.533333 0.0414169
0.55 -0.0632487
0.566667 -0.167221
0.583333 -0.269362
0.6 -0.368551
0.616667 -0.463703
0.633333 -0.553774
0.65 -0.637778
0.666667 -0.714794
0.683333 -0.783979
0.7 -0.844574
0.716667 -0.895916
0.733333 -0.937442
0.75 -0.968697
0.766667 -0.989339
0.783333 -0.999142
0.8 -0.997998
0.816667 -0.985919
0.833333 -0.963039
0.85 -0.929607
0.866667 -0.885991
0.883333 -0.832667
0.9 -0.770221
0.916667 -0.699335
0.933333 -0.620788
0.95 -0.535439
0.966667 -0.444224
0.983333 -0.348142