0 -0.278495
0.0166667 -0.176576
0.0333333 -0.0727231
0.05 0.031927
0.0666667 0.136227
0.0833333 0.239035
0.1 0.339224
0.116667 0.435696
0.133333 0.527395
0.15 0.613315
0.166667 0.692516
0.183333 0.764129
0.2 0.827371
0.216667 0.881547
0.233333 0.926066
0.25 0.960438
0.266667 0.984287
0.283333 0.997352
0.3 0.99949
0.316667 0.990678
0.333333 0.971011
0.35 0.940706
0.366667 0.900094
0.383333 0.84962
0.4 0.789838
0.416667 0.721403
0.433333 0.645063
0.45 0.561656
0.466667 0.472096
0.483333 0.377363
0.5 0.278495
0.516667 0.176576
0.533333 0.0727231
0.55 -0.031927
0.566667 -0.136227
0.583333 -0.239035
0.6 -0.339224
0.616667 -0.435696
0.633333 -0.527395
0.65 -0.613315
0.666667 -0.692516
0.683333 -0.764129
0.7 -0.827371
0.716667 -0.881547
0.733333 -0.926066
0.75 -0.960438
0.766667 -0.984287
0.783333 -0.997352
0.8 -0.99949
0.816667 -0.990678
0.833333 -0.971011
0.85 -0.940706
0.866667 -0.900094
0.883333 -0.84962
0.9 -0.789838
0.916667 -0.721403
0.933333 -0.645063
0.95 -0.561656
0.966667 -0.472096
0.983333 -0.377363